34.368
20.159
43.14
14.032
7.731
53.489
0.519
10.679
9.059
50.13
7.517
4.907
40.161
9.205
7.844
1.465
6.156
6.351
5.312
22.878
12.075
12.882
0.413
9.564
16.751
17.086
1.817
53.177
8.995
18.315
21.632
14.366
8.81
2.766
9.539
1.564
7.042
16.245
84.691
94.82
10.819
55.754
32.733
16.545
6.598
15.682
1.903
3.345
5.887
3.618
7.606
5.151
29.028
3.914
23.901
1.227
1.988
0.156
13.584
28.215
6.376
118.678
19.196
8.722
25.985
18.786
12.769
3.507
8.781
54.717
17.463
10.435
56.044
7.292
24.246
13.824
84.179
37.692
5.984
25.524
39.354
17.41
1.893
16.537
6.454
44.035
0.344
1.83
4.478
2.151
3.858
25.826
1.412
14.986
25.132
77.812
2.172
28.185
21.131
21.603
