125.93340982262588
112.80747127716019
123.0586009650588
108.62020711202135
85.62283182553563
116.99065701756874
90.88715907491199
114.70087241864763
80.67131663869714
88.39405246472172
118.63933286963128
111.73588713189369
117.13022390224722
92.84959509211834
107.20765591107113
112.48150547587298
91.28813392809158
109.98520483837294
132.4838703696903
163.09758237586075
121.52198010036444
175.31173848698077
106.17484458437653
130.07672416260806
120.18866784482107
134.44546636336366
131.9617119404888
117.59253097235185
108.71681411744652
89.75298266882344
124.74286578972576
92.34329797571057
128.35697871790552
105.59940900537812
119.96393363477841
82.22653817593513
99.19201054286623
158.3468435778454
99.35804093394412
103.09213460697701
108.09852550383401
124.65583969732069
129.57887038268169
102.22958966737409
117.0810985703682
138.47184007749678
101.73529463766518
100.405277030748
120.09848478930748
96.25188703424107
101.37151715698232
106.21056644012981
114.6468700666042
136.26283450488802
119.56285666954679
107.58701060481256
119.44402624568879
105.11129480501742
121.42631137747378
110.32068742681288
109.64568103931687
115.66406386564677
135.76004807012512
125.20315541294968
100.85140633348117
106.20214713963048
121.99170613612523
74.3800097351747
105.10075585815684
114.2775319527394
97.6777967368273
107.67313384999127
91.80212679972254
113.77137212062217
111.69725490141923
135.11760291541526
105.10301721940611
104.55354468771696
139.2852811209117
63.26919636262725
111.15719321607565
160.02263300383188
135.14135700685773
135.53893680052184
145.23885145299602
136.9895474361425
111.6284585461341
131.08728618329081
109.27073917313999
137.22477078977587
135.45975250168232
88.15323704529195
139.93483973868828
129.60232882462515
84.6990535376684
136.8277513915348
89.31475652859734
76.85225061812588
121.67250713871749
112.28308039938193
113.49715602346333
142.07026591584585
110.95886430859544
125.30011333464927
142.77520518014165
113.74407347400302
95.17987195945591
123.5610167496257
108.24661146249396
124.48453295454
104.33848965941196
130.9932800093312
75.5020192140313
97.1838874049634
120.62258055140408
132.2439297700398
110.40626032753383
117.43342808091315
114.25936863234804
105.9639678556758
122.94556383600235
122.55333752702204
109.746589620566
103.91989355867423
114.62584848851759
134.22760639432852
126.83063501473089
126.78878384316454
87.79484866470915
137.0459026102665
100.9001812082023
95.83574409953435
115.27978271186124
115.34260107631218
88.82019147565904
76.1495374542887
118.89246149111666
96.86749879936642
98.5928375892962
119.7705781781175
130.41142022391944
125.33776489738997
107.95833184632092
126.27943367615015
82.01734885148704
104.97567389609934
97.6763403620773
94.63420718987643
104.46943084967157
117.13939883064117
81.36204240669144
118.71174038183932
112.94046821677405
126.57797581221618
114.8270274361068
112.08979025624177
127.36486610591977
113.83761091966701
135.7095464378245
119.49202637474077
141.68775997744538
131.12652068863116
118.95780893093905
124.89710615095058
102.56329542922938
101.89768446827001
133.2175381134629
98.26447417185233
131.15025642661294
115.50163801261532
107.83124586019545
98.49257725876548
112.4556573078877
142.7903788415882
106.3184148894311
99.18326979942054
158.6725306360804
139.74716773289546
110.3103630764346
96.49563036809558
90.92114749675538
105.2979424640579
155.72408626376154
125.51844183605698
103.05120675060414
107.29526641205696
148.57209643440152
107.10551203422962
117.14443545444915
121.63849306079392
91.7614104077559
119.41727054414655
127.46066613780549
132.27749976995912
112.84093072047699
114.70922306224205
96.07150659000293
100.95169429715014
94.03068215321463
101.76425985212984
