0.031
0.064
0.07
0.185
0.186
0.193
0.334
0.369
0.373
0.414
0.428
0.43
0.463
0.481
0.498
0.54
0.556
0.562
0.574
0.584
0.588
0.59
0.627
0.627
0.634
0.645
0.681
0.686
0.723
0.731
0.74
0.778
0.793
0.795
0.801
0.829
0.833
0.833
0.851
0.856
0.879
0.914
0.927
0.933
0.944
0.958
0.98
0.997
1.006
1.008
1.05
1.067
1.089
1.105
1.117
1.12
1.149
1.154
1.161
1.166
1.184
1.197
1.203
1.205
1.208
1.217
1.235
1.241
1.268
1.278
1.281
1.285
1.292
1.327
1.347
1.376
1.382
1.426
1.451
1.478
1.503
1.503
1.505
1.556
1.566
1.572
1.587
1.589
1.638
1.643
1.65
1.703
1.748
1.794
1.795
1.817
1.834
1.908
1.994
1.997
