33.11418075586503
35.232897745035615
34.74166062148456
35.60044320968745
31.701907433932714
39.53191596488375
38.062732231195525
26.482220254643792
47.79822908123189
46.66080760302593
29.2574651774446
31.01986850630425
15.402786069097175
42.664842414995775
25.67253206666615
47.45533553891367
35.91251541736446
40.269308521288046
29.036295110700355
42.084165027845266
38.028977589988095
47.259655867611
33.83224836874268
22.336999831431875
40.72062488022461
30.969529635546028
50.34346123810884
37.366222020384235
30.58957764296885
38.573157963685354
23.693444256227252
35.80221397183806
45.26462490139361
20.41149489343456
43.68090507714112
32.58003294414413
44.031677327468344
34.1535243945488
29.615861417900543
37.453467406926535
29.350521736616116
37.58415413687067
31.224589252437294
25.346875399104185
38.55447347431299
41.63709161980353
30.408943806497362
39.64013444234696
43.116095863746914
60.05780101729235
18.141980543120553
49.584731014018516
37.74785058148476
37.758114910928306
49.18975979707882
41.934347169431945
32.84202820719463
40.76900122185203
33.90673337323095
28.934785560174326
32.25729621857655
39.63255628104342
24.979631345924425
42.84745893462123
38.63149766032755
37.3391170770996
47.91703642879858
31.521787087042625
42.69390326614685
44.912761840722176
38.4915225414718
44.80910297477382
36.23699055814953
38.795055469476644
38.7055806150428
41.51576747460984
40.19698952673326
33.3448529413942
30.51440677785595
40.73444456896745
38.00846922436831
31.39081088429733
37.5283597666425
39.97974916130764
37.56293711846891
46.315354977734486
33.273992926519625
44.60517834652792
35.48707865877804
35.623360400028496
27.206964984071384
38.54485641298672
29.565042052834208
36.57482810736023
46.82947677488486
44.843106360792476
45.03406848210456
35.22899003544478
32.37705927171255
10.85661694221045
47.305107035804824
32.74905164235122
31.832131808949928
47.53469678809984
45.135838597036596
22.437196761268794
46.38150899956928
35.15763717424557
34.311058414590946
37.133113762775054
35.08714717610744
30.425278988851513
29.895769507528968
39.91346734390761
44.591114830687175
38.7951522131134
37.63981771290819
37.61569509044731
37.19766011098154
39.70142603523925
56.57053288641215
38.97523613471196
31.250912164472094
36.81779890479256
31.424676049070143
33.29188434595521
42.415605821508414
19.5765260646576
27.514505994106045
30.37657692488948
43.10970204507031
24.573307643307412
45.47868211468047
28.96291509557841
43.447264636334936
34.6023324917022
32.51848079431093
42.62886304356957
25.570494941670816
16.184999494886153
46.36352501348918
30.09774330119756
31.162968516550904
49.942792618711835
28.33589123662394
31.71455325440061
23.974919912948927
40.91217631333895
32.19366896771416
27.20937131226711
26.633926627101033
31.32200692452109
39.96859211300708
36.96243002249106
35.46019612375113
35.85277708358521
42.647962517113235
64.4761281063009
43.84408118259206
46.187000777761654
40.85877717342521
28.378300148545357
32.24691692927739
32.355073913175424
54.42020263647292
35.220021876603916
33.43351144943748
34.28008355034641
41.28426383408605
39.631535595957935
31.086840718618422
34.3390817830243
35.20343314258874
37.45979427630612
31.069947922555684
48.26282286000171
34.80937364598542
35.335117209442416
26.170154357258443
42.46564967182316
32.104233033489905
37.23496029421338
42.61292094312878
34.13240496260986
43.475854197773145
44.87003663267213
39.797539164804235
32.87674960811302
37.56766297886116
37.407667248964124
32.65450628676305
38.21926048319535
50.506320302642024
37.474061781016665
33.13825753035684
31.992243859615947
28.943179674542026
40.87899903681488
27.133702643290114
43.42798655899288
28.158022017219693
34.902605718888545
36.74173645127248
33.899770134827094
32.19155738498408
38.343715089677815
32.26599446607794
38.96492456997765
45.817370725193456
56.271235368686895
38.707363036398995
38.6914354463768
59.207262393542024
50.10128439545467
36.66154825121547
28.604937867247465
34.32320293629761
33.270920211112085
36.11053284453876
37.384150430039085
32.84263217212175
33.56136677207473
30.222635932692032
46.79072279292156
25.53614459250781
31.751035265831486
51.496392626761384
26.925719497719335
32.478848922740085
29.397591728972472
37.722046846493456
39.383243755911224
50.10099744185509
36.171186519590236
37.47279861966103
29.555048069495424
39.0990837088781
25.297578067165187
30.65435003543745
35.46335766324082
16.06392468397768
42.69446339739567
50.74106047317979
38.88113849205853
43.5981148894313
44.40887530238591
29.379529574082426
25.314743891431405
41.71763304062842
36.79774140327575
41.8735102375337
41.21066074879533
33.63365017056722
49.62652569994901
29.344096797422036
40.201232141885264
32.977122559807796
42.013121349708456
42.42019268616664
35.380986625503695
29.956956486983163
36.41482856063816
34.15582173833588
35.1659325442084
44.92941676482419
48.32035404633274
22.427018115110833
36.48149541440226
43.73005834947483
34.80763832207605
41.51664136222911
28.994294669038176
36.98719286873665
31.31088709715999
39.3017109750409
31.228372697875194
34.913073892807944
37.27852665503678
32.502666806695736
28.698483052475055
35.290996277310704
44.48581211189634
30.18104687525785
32.83049097896555
39.64695203306477
42.503366235761334
23.743073965080356
30.904621202773832
42.95542653096358
25.84841120641076
35.00045997442429
46.28934494784873
19.40096566263983
34.44850945155143
34.28063058079612
47.74502627160979
40.87320385679803
42.19317752344601
39.70518378894527
30.45123887783525
28.33684302527497
34.13119769499006
34.29748873819651
45.28684774051257
41.33931305956254
38.48715631635915
45.727866917412975
30.382866638810217
26.113035072465696
29.89959290701473
32.73063179621393
42.643450085528904
46.80415546974919
33.852076638642444
37.03589882759803
43.57120622466889
33.42467288963932
45.49793305480735
42.00109118190098
30.288333412293923
47.64107560273404
24.479900919186257
35.06050088816074
57.83592828179652
26.264425724914418
30.36697935998762
32.015387674936115
52.51017943009998
38.69999949098056
44.802392956022786
27.403981062630358
50.13836087190208
38.08781267739417
42.77539599179097
39.326459302271914
29.437313768579344
31.191322990471026
35.32697224489701
35.685900908413814
49.73723141167539
43.78701626087396
38.65635909374272
49.429327247164224
35.68535620908701
26.086096395177744
31.194638648150065
29.981662789355877
26.40958891159287
56.035817005504924
26.259241871779196
37.813904696974674
30.623786163320617
28.714234067896676
51.04849198951125
40.17635881564594
34.78408556717284
37.202353765783
29.83317417510925
53.69779905894177
42.99973212657105
30.84574044768232
31.929150906217266
37.45381495271524
35.76961862211462
35.04256875405164
27.612491303045665
45.4479736436067
43.40198814003975
39.897069445615124
33.00155712249203
46.2369830396288
35.04814040864471
38.98749121718074
33.899612845603656
22.83555573722286
47.3200496583209
38.979400004308545
38.32056633626928
46.959708875479556
53.73122377869262
25.8635285580568
45.77489252782101
41.81353586382868
38.77021264618837
26.19839283757696
33.78815138998138
23.760309613130147
35.33760326077847
24.06773352477027
33.89483010917037
38.430453127803474
37.73181555462221
39.91177077615632
46.23940990064978
28.182026929760994
19.02246030468462
33.58867165306472
35.41401831260738
35.23441016402165
37.08151382328488
42.033137059435724
38.52486988021109
30.398175379532777
39.67883523964386
35.14278759356382
32.096124257998426
34.40698982170668
44.323897585749805
49.73733540688748
41.17466904650899
54.70613628299226
36.574451711277064
45.45068635561227
32.25882780911613
49.481483919050376
24.3717598139791
29.68330427962608
42.87235920308257
37.013160472841136
39.605781056942476
32.57213474120831
27.42162861492742
50.6019750867075
26.933623446024953
41.12938398292597
27.222875586327035
33.59684716036786
34.95766520732046
35.68247027975984
37.428032714827886
34.6462697570818
34.33832018916623
48.971830290603506
50.82816024487241
50.16756339834517
37.77404382604282
30.20988788732064
37.514810662513746
45.679488723830936
51.73889014865972
47.01942044054978
27.261035686584464
34.302953503769054
25.871618705990574
20.98100125826261
32.1263322591985
38.03427538031437
41.55415209414112
30.613092286847603
44.84744920885109
36.71365322762271
24.800508725327127
46.468631548441294
28.40637788699019
39.07598119141689
29.828083071213943
29.19418586537047
54.957176945317826
27.68436689192749
24.30148221654903
30.29606857315605
37.54644664232009
39.45507475198288
38.77574848021597
27.175031344261228
48.171167851564086
54.599532579525516
47.40548280120143
39.17665538707851
24.264764728694388
31.837517675451807
42.81683368336269
46.197053569453665
40.912011462940804
31.91402779393616
26.634135043917574
37.13110075534534
36.64079529421655
48.2889147701049
44.703949626647
43.083890959230885
32.65014386084946
36.59530625439286
32.05875281484522
39.79653086973164
25.306466173406488
40.16500925433505
32.61072609747369
41.00138441679483
35.92721156952121
40.25394341433706
41.32997529350703
24.543523411989668
32.39204906215694
17.196686043945622
37.0779746982215
45.72462837710379
38.445386136157964
37.08595852307411
31.34819816330954
43.48619095850552
38.853182077371315
44.22785009327209
42.657244862522404
37.98334644626531
39.62909913151463
27.30881535712382
40.265505261432196
29.75541083438259
39.2439925182982
38.85358337298466
35.106492868034174
26.803435227794694
35.672115660133265
56.77468641487073
29.536861704603908
40.84807437377554
34.82910592984958
56.443894715456054
52.00150041667606
28.628168352139785
28.10667719018128
48.99610106490323
36.096427983316296
39.25664142094516
34.79194799980646
40.67112434967283
30.660398533399317
30.130078971495028
42.92984175121402
29.9896331450788
36.550941132082244
23.256952413321258
36.912384661147364
55.7533884214711
32.92398483814242
41.682888281885866
40.03841823816485
42.32468449905883
34.87363444734266
35.718168417212794
44.54005609916952
25.091483840015368
27.687021246931632
36.17942013740898
42.55468471162769
44.07645538431074
40.19090383777342
42.66438273844918
38.3930535281574
40.735937793791145
38.38262147858908
40.168444078118966
42.66608328798864
33.537397906270876
42.34087345337103
33.477970035985734
24.787463404884303
47.00601311806985
33.11314325440065
44.51459686648887
44.8922046906882
31.667760826672655
33.85803360993051
34.62676750750487
32.948673255203275
28.08116046477585
32.36440099804588
36.8475427361861
34.17648610722854
47.680101617102935
43.355608372482635
35.516805201134
45.12178467966142
56.40467865656792
41.14527885321155
52.7519264203125
37.64313759608116
37.73829144628498
33.98059043723451
51.73530528939073
32.73910126743715
34.0304635561006
45.60332179325276
26.339845117423543
38.70691302865367
43.10542535044046
27.11837217732422
26.57567111469042
31.695771677471146
32.78794278142864
31.52475442024417
48.22016117043747
45.629927666112636
52.036428019920315
33.856999521092476
39.17074009578178
39.2431513759903
39.43765940114707
44.2363575100518
44.00409212059485
44.551928814782904
36.55997631842089
29.684094508326538
36.47854782856178
39.867558604214906
26.202095797463254
33.531615724555664
46.5401576391833
47.88593664314809
30.871878985732764
25.030597672794308
50.13202547801547
48.68750600901488
27.647399095152142
34.23098451146058
35.07584761735867
30.546124017541977
43.84302498537859
46.624325133049325
31.71237155147665
48.76006936260292
49.79417883002885
33.726474448534894
34.62494555194321
43.99150196748551
40.0318521105942
40.831020017256485
31.990059652408117
37.76495169104198
47.738785190303865
46.89436330534639
41.87695462171728
45.578674281554264
40.49730894139691
39.105018848707786
31.133297936377645
39.433071951844
42.492295214507784
25.51005042211572
50.589405857727336
46.02182470526377
40.267313285545015
35.78470229058114
42.467465807368356
41.10474157579766
29.849550208736265
39.48764346598477
30.436140297119685
25.272666701495847
31.628501414931158
38.0388980419998
36.69204795210284
31.95516537855769
31.206735476812014
47.590308431194416
35.727862380573654
34.43814584672544
36.02262377595809
58.199232208096284
35.29386331453233
36.28359073626189
37.06424364419454
44.749222922138095
47.139515168166895
29.85924649056662
42.11749511867596
32.6687459678963
28.692990092587618
36.90323897443156
40.763080555182604
39.58797433119275
42.66851577989336
41.21995979932177
38.80698316136802
29.819221434314024
49.81657256835347
44.567007097326034
35.23397109261767
35.41727464978974
29.627090979827706
38.45562918528112
49.19152446006444
33.71373699196588
39.95821668346739
30.549835072162
30.31342005331861
26.728277424970578
43.83731958957286
40.73693088702033
39.53418946549736
45.70267206512181
53.05116175600487
34.79250302435419
31.5397711057045
22.777926472960836
46.89659755920489
50.64394259041433
27.90951710868834
52.713558659482985
34.519248153901636
50.5327596123788
32.422223829481716
29.118523708500597
27.032280811498246
24.98707555372658
36.245662926430256
24.086195732967575
29.176008178585576
40.306870023375225
33.12653843490886
30.317151595283473
25.869796640839517
29.34679309181884
34.53327576488633
36.38146321849566
37.37872823688528
42.404201946117304
30.379236232181498
34.685146869200146
41.52900270480754
35.5199796192951
31.084533746720265
26.333508662009677
35.79158377411912
42.715073380765006
35.14322557228139
38.91164142885859
36.95166483031661
31.549645778328234
17.1542103705486
35.746841034777496
42.62594417512649
28.551468890763676
35.11828776052773
44.471367342647014
33.96362963926575
39.125802387792056
48.096279932272125
37.94597948199407
31.913198324087624
37.03315497105994
38.647492982720806
41.86531820590046
33.77882659741668
24.60569072159582
34.48286229186672
42.84352009651751
46.71799420409762
42.68216772709657
34.969109284655296
31.49292412656684
19.220359288657537
32.73160278547006
36.695814949129925
29.406754623210368
34.53296109169204
30.13911657889176
36.93958558067941
46.505253038438305
31.876489834836434
37.446606789297775
39.68951164095562
36.496287647611815
41.06655634264201
37.1636157322349
37.15894748270495
33.68219750310069
40.63800236601618
42.21551423096298
24.811386425985738
39.58491882442266
52.333351296991154
45.57728898890448
48.114037953755926
29.950211508709476
42.42064320791054
38.86553550245261
21.027972574172956
40.60603731443472
42.24176384764103
38.40858488021943
43.038114090804555
32.5482044863797
25.83341233940302
40.88829002868357
41.43411324151001
31.973588650989708
46.37039145549204
30.419340360196593
26.190352709552563
38.2910346139789
32.312416457236225
41.08877253405538
34.37579361512447
41.57716278332011
35.63797673416822
30.59662085773909
43.25102936680062
21.219978823837202
39.76485969731786
28.450129871610706
41.659382773680626
43.05920205019298
37.980738457773015
24.074288955962942
37.8348704616043
40.84674317865836
47.93644863183973
42.84844942038866
35.52721372933461
46.34054215869439
39.936153543167634
40.72988130035013
42.67141063535274
32.11730703392915
25.663605075822826
49.96759652305266
27.528775581426032
36.62326284959789
43.20130816881764
45.55487168376297
44.94095204506064
29.329822381119904
42.56232896359418
41.14146597818029
42.46788116458839
23.01761391308823
52.417455778884225
27.976292672170437
43.78032409661319
36.17512206866253
32.27799789590299
34.41434110137915
38.865949489371026
37.10596327693521
41.22639118481958
27.24253053156348
38.52550178139578
34.460623848252084
25.574351224050837
26.637340507968375
24.882129579179647
34.36112262489199
37.624845059209214
43.74354114604842
38.71739496080399
49.316069042001615
37.59465682775306
37.801502172503
24.190140847932064
35.88547550356668
36.16604146715297
38.60144256514355
41.09556923394504
36.705391318829875
48.54083728423912
34.109277332254095
24.66015666013169
49.127222495969676
35.206746585387705
34.470258212555635
52.75425581523341
37.00128714636944
44.93902231013986
34.55849815220777
35.8743784205303
36.62193300407314
41.59377744533254
32.41049548058851
51.52635706370358
32.443286045691494
40.59992635781134
38.347575111172596
40.66422414218947
44.91661171004361
25.642476190006512
40.620246247759894
38.94851217539051
28.88917242453637
29.84747621837027
30.776379192653987
38.708345651794836
42.63127771519925
32.49859228902116
23.504164799278456
29.287283786195783
38.04358924592741
34.51509656900946
42.431925849815684
42.98634730868055
34.736033882044154
39.392374529952534
40.12275328159575
38.965275725785794
31.670649437182014
24.870019761026793
49.76547338302786
46.97182793115487
39.97333942332213
37.50774847854584
21.288158097249852
36.91463414836998
49.85990970103632
34.51916034917129
37.019567572651475
43.254309433038785
31.541204612846563
44.85017959848227
45.10560087761737
19.713748027225954
37.1066749724624
43.23552153988263
36.13303732501323
34.467699164386346
46.09580773735823
27.069888475631075
44.46426320323349
32.690799775840055
24.50818040998268
42.16952908285757
42.60088263935287
39.617386807770735
38.02707520127962
43.070982521178095
28.316112713120823
43.7849891225953
45.59499040133147
35.55107360245463
27.74713474169978
34.010518155057845
41.43475989248854
31.20302596530855
38.11165311313304
41.213927613125186
32.6092821208352
30.864125192217944
38.75332336639525
40.66552952888137
42.22026068459259
38.55170045503232
33.95333230121448
27.903085193204305
38.96646203741319
42.31306673130618
31.328307381295524
39.947080881664114
30.786828875674356
35.024076163157
42.578610920146374
40.85487914694872
39.12636874995231
41.721083004478174
34.69691333109845
44.495545376944406
36.282529508827615
44.72715640279301
30.47016702883197
37.05421534110459
40.26644714684201
40.82851455617851
43.56925492636198
24.743018252472474
31.846866235470948
29.875685613504334
40.517923917280605
35.8055266660875
40.99688423555411
43.57927613882469
47.77234592481308
44.118666537141166
43.90745546247903
35.03178170967527
29.287890273105408
36.96768795318265
43.6663604153655
33.71209464309813
30.412015074551967
44.999321943337904
30.812347292564166
40.926188650793705
42.77116311953086
15.86997292318378
29.16836742983482
42.067150180710755
44.923047751024626
42.38848953601926
28.70957585903632
34.32170778633631
28.006104698778916
19.7387481856822
45.70431128574202
27.977089280448048
29.96295002396246
30.521836090738105
23.870467195528754
32.05756311473265
45.32412261468553
32.578440554513854
18.34626737478372
